[gd_scene load_steps=12 format=2]

[ext_resource path="res://Player.gd" type="Script" id=1]
[ext_resource path="res://objs/cubo.fbx" type="PackedScene" id=2]

[sub_resource type="PlaneMesh" id=1]

[sub_resource type="VisualShaderNodeColorConstant" id=2]
constant = Color( 0.198118, 0.941406, 0.0919342, 1 )

[sub_resource type="VisualShaderNodeScalarConstant" id=3]

[sub_resource type="VisualShaderNodeScalarConstant" id=4]
constant = 1.0

[sub_resource type="VisualShader" id=5]
code = "shader_type spatial;
render_mode specular_schlick_ggx;




void vertex() {
// Output:0

}

void fragment() {
// Color:2
	vec3 n_out2p0 = vec3(0.198118, 0.941406, 0.091934);
	float n_out2p1 = 1.000000;

// Scalar:4
	float n_out4p0 = 0.000000;

// Scalar:5
	float n_out5p0 = 1.000000;

// Output:0
	ALBEDO = n_out2p0;
	METALLIC = n_out4p0;
	ROUGHNESS = n_out5p0;

}

void light() {
// Output:0

}
"
graph_offset = Vector2( 0, 168 )
nodes/fragment/2/node = SubResource( 2 )
nodes/fragment/2/position = Vector2( 120, 140 )
nodes/fragment/4/node = SubResource( 3 )
nodes/fragment/4/position = Vector2( 60, 240 )
nodes/fragment/5/node = SubResource( 4 )
nodes/fragment/5/position = Vector2( 60, 300 )
nodes/fragment/connections = PoolIntArray( 2, 0, 0, 0, 4, 0, 0, 2, 5, 0, 0, 3 )

[sub_resource type="ShaderMaterial" id=6]
shader = SubResource( 5 )

[sub_resource type="BoxShape" id=7]
extents = Vector3( 10.6864, 1, 13.6571 )

[sub_resource type="BoxShape" id=8]
extents = Vector3( 1, 2.00456, 1 )

[sub_resource type="CubeMesh" id=9]
size = Vector3( 2, 4, 2 )

[node name="World" type="Spatial"]

[node name="piso2" type="StaticBody" parent="."]

[node name="MeshInstance" type="MeshInstance" parent="piso2"]
transform = Transform( 13.8092, 0, 0, 0, 1, 0, 0, 0, 13.8092, 0, 0, 0 )
mesh = SubResource( 1 )
material/0 = SubResource( 6 )

[node name="CollisionShape" type="CollisionShape" parent="piso2"]
transform = Transform( 1.25811, 0, 0, 0, 0.310721, 0, 0, 0, 1, 0, 0, 0 )
shape = SubResource( 7 )

[node name="Player" type="KinematicBody" parent="."]
transform = Transform( 0.999998, 0.00173445, -0.000796405, -0.0017345, 0.999998, -6.04491e-05, 0.000796298, 6.1849e-05, 1, -0.0883598, 0.0815544, -0.0405598 )
script = ExtResource( 1 )
PlayerSpeed = 8.0

[node name="CollisionShape" type="CollisionShape" parent="Player"]
transform = Transform( 1, 0, 0, 0, 1, 0, 0, 0, 1, 0, 3.16875, 0 )
shape = SubResource( 8 )

[node name="MeshInstance" type="MeshInstance" parent="Player"]
transform = Transform( 1, 0, 0, 0, 1, 0, 0, 0, 1, 0, 2, 0 )
visible = false
mesh = SubResource( 9 )
material/0 = null

[node name="Camera" type="Camera" parent="Player"]
transform = Transform( 1, 2.32831e-10, 1.33878e-09, -4.73946e-10, 0.707107, 0.707107, -2.32831e-10, -0.707107, 0.707106, 0.00780248, 30.0006, 9.79836 )

[node name="OmniLight" type="OmniLight" parent="Player"]
transform = Transform( 0.803338, 0.594334, 0.0376298, -0.593857, 0.804213, -0.0240021, -0.0445276, -0.00306489, 0.999004, -0.0572722, 4.15995, 0.0134769 )
omni_range = 13.557

[node name="cubo" parent="Player" instance=ExtResource( 2 )]
